%% Results for case id = 3
% 20 links, deadline = 2ms

%% Part 1: delivery ratio = 0.99
lambda_LDF = [0.82, 0.81, 0.8, 0.76, 0.74, 0.72, 0.7, 0.68, 0.66, 0.64, 0.6];

lambda_decentralized = [0.8, 0.76, 0.74, 0.72, 0.7, 0.68, 0.66, 0.64, 0.6];

lambda_fastCSMA = [0.05, 0.1, 0.15, 0.2, 0.25, 0.3, 0.35];

%% Part 2: lambda = 0.8
